File,/home/projet21/Bureau/openBr python/test/lionel-messi1.jpg,/home/projet21/Bureau/openBr python/test/lionel-messi2.jpeg,/home/projet21/Bureau/openBr python/test/messi1.jpg,/home/projet21/Bureau/openBr python/test/messi2.jpg,/home/projet21/Bureau/openBr python/test/ney.jpg,/home/projet21/Bureau/openBr python/test/ronaldo1.jpg,/home/projet21/Bureau/openBr python/test/youngMessi.jpg
/home/projet21/Bureau/openBr python/pictures/lionel-messi1.jpg,23.9268,0.285551,0.353814,0.247598,1.24341,0.585409,-0.52217
/home/projet21/Bureau/openBr python/pictures/lionel-messi2.jpeg,0.285551,23.9268,0.29246,-0.14653,0.303414,-0.00234556,-0.42658
/home/projet21/Bureau/openBr python/pictures/messi1.jpg,0.353814,0.29246,23.9268,0.464759,0.796584,0.476421,-0.325285
/home/projet21/Bureau/openBr python/pictures/messi2.jpg,0.247598,-0.14653,0.464759,23.9268,0.238695,-0.000393355,-0.445449
/home/projet21/Bureau/openBr python/pictures/ney.jpg,1.24341,0.303414,0.796584,0.238695,23.9268,0.811413,-0.13602
/home/projet21/Bureau/openBr python/pictures/ronaldo1.jpg,0.585409,-0.00234556,0.476421,-0.000393355,0.811413,23.9268,-0.111854
/home/projet21/Bureau/openBr python/pictures/youngMessi.jpg,-0.52217,-0.42658,-0.325285,-0.445449,-0.13602,-0.111854,23.9268
